6 431 458 551 691 842 902 924 
143 151 342 442 603 742 761 891 
8 
7 
9 
10 
1 
5 
2 
3 
4 
11 26 163 346 445 518 528 564 852 854 855 
95 187 222 310 571 579 621 794 930 
19 48 152 204 211 294 326 343 361 437 507 573 649 696 715 768 801 816 843 884 892 898 949 991 993 
157 169 195 208 260 331 360 416 510 613 685 707 718 723 729 810 885 923 967 
23 231 330 485 520 626 669 693 726 754 767 802 820 840 874 916 
27 33 72 97 101 103 114 126 210 220 249 317 321 335 339 353 378 407 449 632 658 665 687 688 762 811 937 945 970 980 
69 165 176 191 399 489 572 760 907 933 946 952 955 974 
20 109 125 159 185 247 258 288 299 312 323 357 394 404 666 868 913 979 
24 80 202 243 289 406 514 622 639 848 871 981 
50 197 276 457 532 650 673 747 781 783 909 
25 96 188 196 242 259 341 348 382 496 535 546 593 623 644 846 919 932 941 973 
13 148 248 261 434 536 565 591 648 683 725 817 861 906 928 985 
76 110 172 174 189 235 313 539 548 627 645 671 706 774 798 834 998 
35 117 363 389 419 425 475 501 516 553 561 787 795 822 957 
16 63 84 173 411 441 481 495 500 574 602 748 773 862 
119 251 252 322 418 483 672 675 751 782 872 899 904 920 
136 137 146 153 207 269 273 284 309 349 362 429 438 717 882 968 
160 180 214 215 229 286 397 405 412 526 547 819 851 863 953 958 
56 234 255 270 274 420 447 490 503 805 966 
32 179 182 230 233 303 482 506 537 584 597 608 694 743 835 
21 44 64 224 264 307 372 395 432 542 560 636 689 738 839 857 950 
43 47 55 306 381 384 462 465 533 587 709 734 814 841 922 948 992 
54 65 68 121 194 205 280 367 379 464 519 556 664 797 847 988 994 
60 158 171 267 268 297 433 472 493 543 558 577 610 628 823 870 
45 83 94 112 287 385 497 521 522 531 540 569 586 600 699 722 730 778 944 990 
66 111 254 265 281 293 388 452 456 486 618 936 
102 149 225 498 509 581 657 812 856 921 927 986 
89 93 104 120 162 166 170 223 237 245 549 611 652 656 873 893 975 
38 175 253 318 354 555 630 633 663 676 732 821 845 929 
37 59 70 199 290 333 370 373 448 469 545 638 653 698 755 770 780 809 860 911 912 951 
92 285 347 376 453 582 697 705 711 716 766 791 792 813 844 867 896 934 
91 105 183 227 238 298 301 344 374 387 421 443 463 494 749 757 784 832 895 925 999 
52 86 129 428 471 504 554 606 643 654 703 714 793 803 859 
42 74 201 213 277 305 356 505 529 655 659 670 728 796 915 
29 150 226 413 474 614 701 724 752 764 
39 99 115 128 155 283 366 402 492 624 629 662 759 806 935 
41 58 118 218 263 279 377 426 578 583 590 592 690 765 786 838 989 
78 200 275 336 417 479 530 588 647 679 684 692 713 771 775 777 808 830 883 963 984 
31 51 90 140 164 193 206 316 408 451 831 869 926 982 996 
87 209 217 240 324 403 410 468 513 625 733 790 887 
98 132 133 296 311 358 401 414 415 446 466 853 877 910 939 
186 271 302 350 392 502 563 708 719 746 800 833 917 918 942 
79 142 295 334 365 393 444 544 575 585 601 612 667 753 772 779 836 865 959 977 
198 232 244 436 450 511 538 557 559 576 594 695 763 954 964 
28 77 81 135 139 239 246 256 329 440 459 634 824 879 888 
85 106 108 122 127 167 368 390 473 605 750 758 788 799 886 938 
15 49 75 383 461 508 517 523 651 674 700 735 756 776 903 
62 71 156 278 314 337 423 439 619 661 804 815 849 850 943 962 987 
30 57 219 291 315 320 340 345 364 435 476 567 570 604 607 807 864 
73 161 192 236 250 300 319 327 355 369 380 386 422 427 488 541 580 720 789 997 
36 67 82 241 292 351 371 467 598 681 828 875 971 
141 147 154 177 178 480 524 525 566 589 617 741 785 826 897 900 901 956 995 
12 53 216 391 477 609 635 704 727 736 827 858 890 894 905 
40 131 184 212 221 272 338 409 478 562 631 637 660 686 712 721 829 
116 123 168 203 266 328 332 375 430 455 484 487 620 640 680 744 972 
18 61 88 107 138 257 282 325 454 491 512 527 596 677 740 818 880 931 960 978 
17 22 46 134 308 352 398 400 515 615 616 668 702 710 739 881 914 
14 100 144 190 228 304 359 396 550 552 599 642 745 769 889 940 965 969 
130 181 424 499 568 682 731 825 837 876 908 947 
0 34 113 124 145 262 460 470 534 595 641 646 678 737 866 878 961 976 983 
Success!
Colors found by clusters l to s vertices linear is 126
Success!
Colors found by clusters s to l vertices linear is 124
Success!
Colors found by linear through clusters and vertices is 124
Success!
Colors found by linear is 122
Success!
Colors found by degree from largest to smallest is 122
Success!
Colors found by degree from smallest to largest is 129
Success!
Colors found by Cluster Degree from largest to smallest, vertex degree from largest to smallest is 124
Success!
Colors found by Cluster Degree from smallest to largest, vertex degree from smallest to largest is 124
Success!
Colors found by Cluster Degree from largest to smallest, vertex degree from smallest to largest is 124
Success!
Colors found by Cluster Degree from largest to smallest, vertex degree from largest to smallest is 125
