237 
153 
11 155 
12 
10 
4 
5 
7 
15 
13 
9 
14 
0 2 47 119 146 200 205 
23 49 68 
62 116 188 246 
51 110 174 229 240 
19 34 41 57 92 115 123 192 
64 93 102 166 167 213 218 
32 59 86 113 129 247 
56 75 114 138 147 163 220 
52 128 152 231 236 
45 81 134 157 158 176 212 
63 162 169 181 186 223 225 
74 79 120 217 239 
3 
6 
1 18 103 130 175 187 214 226 
28 84 101 121 131 165 171 
22 70 125 170 224 
82 126 235 241 244 
42 50 144 150 160 
16 27 29 40 96 184 206 221 
21 25 35 37 48 54 55 60 66 72 77 80 88 91 94 95 97 99 104 107 109 112 132 136 143 145 151 154 177 179 182 185 201 204 207 208 209 215 219 222 232 
53 76 127 135 161 189 196 227 
61 71 83 85 106 111 156 168 198 210 242 
17 58 118 124 137 141 148 228 249 
78 105 117 164 180 190 197 230 233 245 248 
20 36 73 87 98 122 159 173 183 
30 31 46 90 100 133 142 191 199 203 211 238 
24 33 38 39 43 44 65 69 108 140 193 195 234 
26 67 89 139 149 172 178 194 202 216 243 
8 
