17
19
19
19
9
18
23
39
19
18
18
19
15
23
17
23
29
1
41
17
21
17
16
34
19
18
12
12
34
17
33
17
41
41
17
19
8
18
19
23
18
18
18
37
19
18
17
14
17
34
18
23
17
17
5
3
10
19
23
18
18
23
17
11
18
23
17
18
34
23
19
17
10
18
7
18
19
18
12
18
13
18
1
23
17
18
17
25
18
17
18
17
18
23
23
12
41
18
18
19
17
17
34
17
10
12
23
41
18
12
18
12
41
6
18
18
12
10
33
18
17
18
23
23
33
18
12
36
33
18
41
23
17
10
18
10
31
33
10
23
18
17
32
24
29
41
12
5
17
23
4
18
18
19
39
21
23
23
33
23
17
19
10
22
19
17
17
10
17
18
19
1
23
23
23
23
14
17
18
18
23
40
19
23
17
23
33
26
23
18
17
18
17
33
27
19
18
23
41
19
2
18
28
23
19
18
18
18
19
17
18
23
23
23
19
23
1
33
12
23
36
18
19
18
18
40
17
19
33
30
36
18
19
23
12
20
18
34
23
38
35
18
33
18
41
18
29
18
19
18
