84
0 4 28 43 52 78 79 112 119 122
1 5 10 16 26 31 39 45 78 104
3 7 8 37 68 71 98 104 112
4 0 12 18 29 34 64 76 81 83 91 117 120
5 1 8 26 37 41 55 66 68 74 81 108 119 122
6 13 20 40 41 50 72 76 97
7 3 14 18 20 41 56 57 61 64 102 104 109
9 15 24 30 32 45 61 66 80 86 109 117
10 1 18 31 62 66 70 76 87 95 102 105 120 121
11 15 17 33 34 41 45 46 51 71 72 99 102
12 4 13 22 36 45 82 83 95 98 100 115 118
13 6 8 12 51 56 60 65 75 78 79 85 86 99 102
14 7 29 34 54 65 68 91 92 115
17 11 31 65 74 83 89 113 122
18 4 7 10 27 41 47 65 97 112 113
19 35 46 80 84 96 101 123
20 6 7 23 64 73 83 91
21 16 36 40 49 53 66 67 81 84 85 89 90 119
22 12 49 70 97 109 112 114 122
24 2 9 41 45 54 68 73 105 110
25 38 45 56 64 71 81 87 92 115 116
26 1 5 30 35 50 69 91 97 98 102 105 115 119 123
