0 80
1 67
2 62
3 92
4 38
5 65
6 72
7 32
8 97
9 83
10 82
11 78
12 84
13 95
14 36
15 100
16 58
17 53
18 65
19 80
20 43
21 30
22 15
23 63
24 90
25 72
26 89
27 67
28 98
29 70
30 95
31 89
32 49
33 39
34 68
35 87
36 6
37 81
38 57
39 99
40 78
41 60
42 86
43 84
44 58
45 82
46 78
47 85
48 11
49 67
50 8
51 81
52 85
53 35
54 99
55 67
56 32
57 12
58 86
59 78
60 63
61 42
62 28
63 51
64 96
65 48
66 66
67 74
68 51
69 81
70 31
71 76
72 38
73 82
74 71
75 39
76 72
77 85
78 40
79 56
80 81
81 39
82 74
83 80
84 99
85 95
86 97
87 83
88 58
89 59
90 51
91 54
92 100
93 49
94 87
95 65
96 42
97 85
98 12
99 70
100 72
101 77
102 81
103 64
104 64
105 72
106 85
107 83
108 60
109 85
110 70
111 79
112 31
113 82
114 82
115 12
116 87
117 83
118 76
119 26
120 68
121 89
122 27
123 47
124 98
125 63
126 79
127 32
128 95
129 40
130 77
131 49
132 58
133 85
134 62
135 87
136 38
137 86
138 1
139 47
140 45
141 98
142 53
143 65
144 33
145 91
146 59
147 49
148 79
149 94
150 70
151 89
152 98
153 99
154 93
155 61
156 99
157 100
158 45
159 34
160 95
161 65
162 65
163 79
164 97
165 79
166 66
167 92
168 51
169 32
170 93
171 42
172 81
173 35
174 38
175 100
176 93
177 88
178 37
179 71
180 86
181 92
182 100
183 67
184 89
185 61
186 46
187 50
188 68
189 83
190 97
191 91
192 67
193 51
194 32
195 53
196 57
197 67
198 98
199 80
200 49
201 56
202 93
203 88
204 53
205 70
206 70
207 43
208 54
209 54
210 77
211 92
212 78
213 50
214 75
215 70
216 90
217 89
218 72
219 87
220 67
221 86
222 99
223 99
224 55
225 63
226 47
227 71
228 38
229 64
230 72
231 98
232 54
233 97
234 68
235 40
236 71
237 61
238 90
239 84
240 72
241 72
242 69
243 86
244 26
245 76
246 18
247 36
248 61
249 68
250 55
251 56
252 13
253 29
254 59
255 84
256 75
257 57
258 91
259 21
260 75
261 99
262 97
263 92
264 46
265 48
266 84
267 85
268 91
269 86
270 62
271 70
272 2
273 83
274 95
275 79
276 75
277 1
278 38
279 38
280 85
281 95
282 37
283 100
284 87
285 36
286 99
287 79
288 95
289 86
290 93
291 77
292 48
293 37
294 43
295 70
296 75
297 50
298 77
299 89
300 77
301 85
302 39
303 79
304 93
305 64
306 69
307 3
308 87
309 84
310 35
311 52
312 55
313 98
314 81
315 89
316 84
317 81
318 59
319 32
320 76
321 77
322 71
323 100
324 68
325 75
326 81
327 80
328 98
329 36
330 63
331 91
332 28
333 77
334 79
335 48
336 72
337 68
338 98
339 30
340 76
341 91
342 62
343 50
344 92
345 37
346 16
347 68
348 84
349 65
350 57
351 82
352 61
353 78
354 64
355 97
356 87
357 36
358 89
359 56
360 78
361 45
362 70
363 69
364 67
365 85
366 49
367 99
368 54
369 85
370 17
371 29
372 67
373 71
374 33
375 52
376 66
377 54
378 65
379 74
380 63
381 70
382 43
383 36
384 47
385 38
386 70
387 63
388 77
389 85
390 100
391 92
392 96
393 13
394 96
395 60
396 38
397 56
398 57
399 42
400 80
401 9
402 38
403 59
404 22
405 83
406 83
407 90
408 50
409 96
410 94
411 77
412 42
413 99
414 79
415 56
416 73
417 95
418 98
419 80
420 75
421 92
422 59
423 47
424 71
425 58
426 57
427 69
428 57
429 85
430 58
431 41
432 68
433 83
434 63
435 78
436 84
437 99
438 79
439 99
440 2
441 69
442 67
443 28
444 76
445 99
446 88
447 78
448 99
449 15
450 91
451 98
452 77
453 98
454 51
455 59
456 34
457 69
458 94
459 49
460 23
461 79
462 92
463 27
464 72
465 58
466 67
467 95
468 82
469 82
470 62
471 45
472 86
473 93
474 81
475 97
476 59
477 37
478 58
479 73
480 91
481 18
482 23
483 73
484 72
485 34
486 83
487 37
488 32
489 55
490 78
491 86
492 21
493 62
494 63
495 80
496 99
497 26
498 56
499 54
500 54
501 83
502 15
503 86
504 55
505 44
506 72
507 85
508 93
509 72
510 66
511 59
512 79
513 97
514 54
515 73
516 94
517 52
518 90
519 61
520 97
521 66
522 53
523 28
524 70
525 83
526 59
527 52
528 71
529 98
530 90
531 72
532 47
533 71
534 58
535 80
536 66
537 49
538 92
539 88
540 88
541 81
542 44
543 85
544 79
545 98
546 52
547 65
548 71
549 93
550 95
551 83
552 25
553 96
554 46
555 73
556 92
557 83
558 86
559 74
560 97
561 50
562 100
563 97
564 39
565 100
566 58
567 55
568 86
569 48
570 91
571 92
572 69
573 94
574 55
575 84
576 96
577 9
578 82
579 57
580 77
581 92
582 46
583 96
584 87
585 92
586 25
587 70
588 49
589 99
590 35
591 32
592 35
593 75
594 29
595 54
596 29
597 83
598 51
599 1
600 99
601 59
602 61
603 77
604 51
605 27
606 63
607 79
608 38
609 99
610 73
611 21
612 81
613 84
614 60
615 91
616 80
617 85
618 75
619 60
620 89
621 54
622 1
623 83
624 1
625 29
626 40
627 98
628 67
629 52
630 57
631 75
632 85
633 62
634 74
635 63
636 85
637 7
638 59
639 40
640 87
641 91
642 91
643 71
644 92
645 83
646 89
647 56
648 69
649 96
650 86
651 43
652 71
653 22
654 97
655 100
656 99
657 88
658 99
659 26
660 100
661 96
662 51
663 28
664 54
665 81
666 96
667 21
668 56
669 88
670 18
671 76
672 91
673 98
674 93
675 4
676 92
677 88
678 30
679 56
680 84
681 12
682 80
683 92
684 96
685 75
686 10
687 100
688 83
689 21
690 95
691 48
692 93
693 70
694 13
695 65
696 79
697 86
698 28
699 80
700 87
701 53
702 97
703 77
704 33
705 76
706 53
707 89
708 94
709 85
710 90
711 76
712 37
713 74
714 61
715 98
716 87
717 92
718 46
719 28
720 34
721 60
722 90
723 86
724 32
725 66
726 81
727 26
728 70
729 89
730 77
731 89
732 71
733 100
734 83
735 81
736 30
737 99
738 90
739 99
740 5
741 91
742 98
743 64
744 67
745 24
746 29
747 84
748 100
749 41
750 73
751 63
752 92
753 95
754 71
755 84
756 72
757 61
758 75
759 69
760 98
761 42
762 93
763 95
764 55
765 71
766 92
767 80
768 97
769 53
770 84
771 76
772 44
773 78
774 48
775 33
776 81
777 83
778 50
779 88
780 48
781 97
782 72
783 80
784 79
785 50
786 94
787 86
788 100
789 43
790 58
791 99
792 66
793 68
794 90
795 46
796 100
797 34
798 82
799 48
800 53
801 95
802 63
803 61
804 71
805 75
806 79
807 62
808 56
809 43
810 46
811 99
812 8
813 73
814 90
815 68
816 63
817 91
818 23
819 99
820 61
821 94
822 68
823 100
824 83
825 90
826 25
827 74
828 70
829 74
830 56
831 98
832 70
833 68
834 92
835 57
836 67
837 64
838 67
839 76
840 90
841 99
842 44
843 82
844 84
845 100
846 94
847 46
848 99
849 86
850 76
851 19
852 94
853 85
854 61
855 48
856 52
857 81
858 94
859 98
860 86
861 45
862 85
863 42
864 88
865 91
866 83
867 97
868 55
869 14
870 74
871 71
872 73
873 24
874 33
875 97
876 62
877 46
878 60
879 60
880 21
881 53
882 89
883 35
884 62
885 89
886 69
887 59
888 80
889 52
890 1
891 66
892 77
893 83
894 81
895 28
896 74
897 25
898 100
899 77
900 96
901 81
902 56
903 81
904 21
905 94
906 54
907 40
908 92
909 93
910 81
911 28
912 38
913 91
914 53
915 91
916 70
917 65
918 99
919 57
920 36
921 80
922 86
923 94
924 94
925 73
926 44
927 51
928 10
929 50
930 91
931 84
932 75
933 97
934 92
935 100
936 42
937 4
938 74
939 52
940 91
941 73
942 55
943 86
944 35
945 76
946 97
947 65
948 97
949 84
950 46
951 29
952 32
953 50
954 72
955 65
956 64
957 89
958 34
959 81
960 97
961 46
962 97
963 31
964 62
965 94
966 72
967 42
968 98
969 89
970 88
971 97
972 99
973 20
974 97
975 65
976 28
977 66
978 67
979 60
980 78
981 63
982 90
983 44
984 84
985 84
986 49
987 73
988 90
989 77
990 100
991 35
992 56
993 78
994 69
995 92
996 28
997 96
998 49
999 33

