237 
116 
240 
2 
8 
9 
6 
7 
4 
3 
60 153 
68 209 
34 192 
64 102 
114 138 
18 103 
70 170 
118 249 
155 182 
27 143 
1 
5 
47 200 
0 
59 86 113 
128 152 231 
181 186 208 
28 121 171 
82 126 244 
42 150 160 
45 157 158 176 212 
74 120 239 
61 71 83 156 219 
15 20 98 122 159 
30 31 100 133 203 
43 65 108 140 234 
53 127 135 189 196 
105 164 180 190 197 245 248 
10 11 12 13 16 17 19 21 22 23 24 25 26 29 32 33 35 36 37 38 39 40 41 44 46 48 49 50 51 52 54 55 56 57 58 62 63 66 69 72 73 75 76 77 78 79 80 81 84 85 87 88 90 91 92 93 94 95 96 97 99 101 104 106 107 109 110 111 112 115 117 119 123 124 125 129 130 131 132 134 136 137 139 141 142 144 145 146 147 148 151 154 161 162 163 165 166 167 168 169 173 174 175 177 179 183 184 185 187 188 191 193 195 198 199 201 204 205 206 207 210 211 213 214 215 216 217 218 220 221 222 223 224 225 226 227 228 229 230 232 233 235 236 238 241 242 246 247 
14 67 89 149 172 178 194 202 243 
