18 
133 
150 
61 
142 
107 
27 
105 
0 
29 
233 
118 
247 
5 
1 
3 
17 
10 
20 
2 
16 
15 
8 
13 
12 
196 
4 
109 145 
116 188 
63 235 
19 
7 
135 210 217 
9 
39 147 209 
56 72 77 89 154 174 204 212 227 
45 59 86 90 115 137 144 198 206 
22 24 28 41 46 55 70 74 75 84 99 103 113 121 122 124 129 134 138 139 140 141 148 149 151 155 161 181 183 189 197 216 223 224 232 236 237 241 244 246 249 
35 37 42 51 54 67 88 123 127 160 175 214 219 226 231 234 248 
21 32 52 57 71 114 117 128 136 152 156 158 170 178 199 205 228 243 
25 26 30 31 36 44 47 48 50 53 60 62 64 66 69 73 76 78 79 80 81 82 83 85 87 92 93 96 97 100 101 102 104 106 108 110 119 120 125 126 131 132 143 146 153 162 164 166 167 169 171 177 182 184 185 187 190 191 192 195 200 201 202 203 207 211 213 215 218 221 222 225 229 230 238 239 242 245 
6 
11 
14 
33 43 49 58 65 94 163 165 173 176 186 193 194 240 
23 34 38 40 68 91 95 98 111 112 130 157 159 168 172 179 180 208 220 
